0.000000 384.000000 0 
 128.000000 384.000000 0 
 256.000000 384.000000 0 
 768.000000 128.000000 0 
 640.000000 128.000000 0 
 512.000000 128.000000 0 
 384.000000 128.000000 0 
 1024.000000 0.000000 0 
 1152.000000 0.000000 0 
 1408.000000 -128.000000 0 
 1536.000000 -128.000000 0 
 1792.000000 -256.000000 0 
 1920.000000 -256.000000 0 
 2176.000000 128.000000 0 
 2432.000000 128.000000 0 
 2816.000000 128.000000 0 
 2944.000000 128.000000 1 
 3200.000000 256.000000 1 
 3328.000000 384.000000 1 
 3456.000000 512.000000 1 
 3584.000000 512.000000 1 
 3712.000000 512.000000 1 
 3968.000000 640.000000 1 
 4096.000000 640.000000 1 
 4352.000000 512.000000 1 
 4608.000000 384.000000 1 
 4864.000000 256.000000 1 
 4992.000000 256.000000 1 
 5248.000000 0.000000 1 
 5376.000000 0.000000 1 
 5504.000000 0.000000 1 
 5888.000000 -256.000000 1 
 5760.000000 -128.000000 1 
 5632.000000 -512.000000 1 
 6016.000000 -640.000000 1 
 6144.000000 -640.000000 1 
 6272.000000 -640.000000 1 
 6528.000000 -256.000000 1 
 6656.000000 -256.000000 1 
 6784.000000 -256.000000 1 
 